264
-132 208 382 -303 -18 -132 -301 67 -63 -115
97 -214 84 68 316 52 -8 233 -133 -141
-81 355 -196 -136 -171 212 398 251 -258 22
-127 257 114 385 6 -79 76 -128 -284 56
197 -250 353 -295 -205 408 141 -97 -50 38
-97 -107 365 147 240 210 217 -266 42 -252
244 -4 124 -254 -116 143 -153 -151 3 412
-162 313 -108 301 -46 374 318 45 -301 -50
227 66 -5 -296 354 -235 407 191 43 226
118 73 19 295 326 46 399 339 -215 5
-63 -230 88 243 -294 -242 116 196 268 311
329 130 387 415 323 158 129 357 28 -259
351 294 -209 279 177 -215 179 298 390 148
-55 -79 -271 -110 -128 -253 -263 -243 -221 147
-87 386 401 -168 219 182 102 213 -162 234
236 343 -231 166 -298 -106 135 -47 -110 208
324 -227 338 122 270 102 413 394 57 269
214 -20 -232 297 -65 283 -143 373 21 313
237 -44 159 118 306 -313 -180 -98 -67 219
417 349 249 -222 -111 -223 339 278 -21 72
-98 361 283 65 126 299 36 -74 120 293
28 -121 279 -223 -46 -303 -226 -198 4 194
-254 412 140 -43 -143 -200 -290 -244 188 386
264 -143 -48 -49 373 421 -169 91 198 194
-254 -53 -106 -248 380 31 67 -205 -31 -244
-195 114 32 162 85 -84 371 414 257 -151
267 -285 -33 178 -95 -80 -233 193 -73 273
261 -312 238 -22 -7 -165 200 256 -213 -192
236 253 358 96 -225 242 -87 218 -44 -314
-247 233 128 285 -169 298 -276 -222 -42 392
107 119 70 -248 -112 359 103 -241 -11 136
-263 -46 -179 59 -1 256 -306 68 -276 -280
198 -233 -271 -54 75 -171 153 -101 73 -144
45 112 -178 -85 215 -25 119 111 375 230
-138 66 -233 -164 151 -214 -230 394 119 401
275 333 -249 -202 407 -223 -81 354 33 -169
282 68 95 -90 -44 102 221 166 -88 240
356 420 343 259 195 -52 164 -317 354 96
-289 -59 78 320 -15 389 47 304 -305 234
-193 -129 260 401 -18 -171 389 298 -127 132
-128 348 76 42 267 124 331 112 -133 -260
-242 -52 -21 326 124 230 -280 -1 -4 -98
366 -26 109 189 176 87 333 25 134 117
274 -295 -83 174 25 171 88 55 117 404
89 104 350 -279 39 312 -250 125 265 -235
49 -301 326 -175 56 -270 132 55 110 -153
27 -113 402 366 -254 164 330 -216 -135 20
140 -123 -159 -284 297 331 147 -92 144 -152
-82 -250 189 277 -297 -202 18 279 -264 287
-140 260 -168 -301 67 52 -310 172 -220 -132
211 -86 95 -150 -146 339 28 296 59 -47
237 -36 83 -151 -143 42 -300 -230 22 168
156 118 154 -150 417 -273 -314 50 -184 -170
-74 139 -171 -248 -156 192 63 295 75 109
382 -141 278 295 -60 -184 139 144 96 341
401 -289 7 301 -169 -100 -3 4 -228 325
85 273 56 283 -150 41 272 -213 -124 -173
271 -23 -299 315 163 283 240 253 -256 94
377 317 -12 110 -243 -195 269 296 268 257
176 260 -119 137 55 412 -188 -171 -110 -245
-113 331 311 -40 -8 293 100 -208 51 10
-204 -23 389 24 -84 24 -201 -149 302 20
-86 305 176 -95 395 384 395 370 -314 -101
216 -309 364 137 49 310 -3 239 219 279
39 288 -99 -244 -141 242 377 287 -236 334
107 63 258 393 -83 295 291 350 242 55
11 -41 397 412 227 124 -46 170 197 24
-261 274 -81 -1 182 -253 287 51 -197 171
-171 -224 278 -278 316 -286 -23 294 296 20
316 246 133 219 -52 271 -139 -88 282 142
374 -244 -269 46 237 -116 -266 326 -203 -78
-194 199 -112 -43 224 -193 145 12 -295 -266
173 -306 316 366 407 -305 -199 235 -266 347
358 -282 225 -274 -262 296 372 -302 -281 -80
260 -25 332 -221 -6 -132 116 -246 5 256
-305 407 -68 -134 159 142 -265 -31 371 103
298 -46 -131 49 329 416 60 266 -255 -63
398 110 384 150 -247 323 132 164 101 -225
325 172 343 122 378 192 335 73 -122 -173
-267 -45 -173 173 184 -94 74 -219 17 -32
172 365 -138 -235 -238 334 -234 316 -215 -289
40 227 -283 -14 -182 360 329 172 -252 -253
215 187 243 -117 -27 -109 46 259 -87 95
-249 349 149 -169 208 315 346 25 62 70
119 324 15 401 -67 -243 13 -306 375 -241
-149 -75 397 369 191 318 301 -274 137 -80
315 -7 -52 -259 28 -252 132 28 375 308
-251 369 17 -241 -223 315 -99 140 -53 62
290 -7 420 375 177 -292 -101 -175 250 188
314 -252 55 -67 -36 -180 -200 -231 145 232
-17 95 -53 316 -226 -174 370 30 226 -33
-166 -148 23 -25 179 183 -24 16 -109 -211
-104 347 86 -149 283 354 -225 127 -139 328
-66 68 -156 -92 -82 175 145 -36 -185 178
-47 315 384 171 234 -70 -294 -160 184 -124
-199 -167 75 305 -298 107 -62 43 395 274
405 346 -220 90 -314 -72 132 180 -255 111
120 367 209 162 -26 359 344 -179 -81 -104
21 -69 82 -256 134 -282 187 101 -120 290
-61 252 -54 -270 387 288 -315 91 -199 177
-232 396 412 364 211 78 338 168 276 220
173 254 41 -125 275 -230 233 57 10 3
185 -275 112 257 -220 -204 137 293 147 201
326 -173 -256 116 298 -111 -197 -202 31 -119
133 272 346 -266 348 125 -239 -140 255 -161
149 30 -256 127 -140 130 -298 -217 17 277
130 -18 273 220 -249 245 270 -299 325 -113
93 -284 398 94 -70 190 -251 332 127 17
381 247 390 295 245 -234 -253 122 99 218
171 -211 103 402 -241 149 352 -257 -206 -300
-280 -154 -43 298 110 336 -237 -309 199 -150
-4 -96 -85 351 178 -10 -138 393 3 63
151 122 -118 203 221 67 250 415 409 284
-300 -101 -314 -214 184 107 375 389 207 -209
193 388 192 92 -201 -42 -160 385 228 180
-11 122 -54 101 -4 -165 66 14 212 269
254 146 -183 -37 71 -23 377 251 -275 365
319 -268 382 -271 242 319 -127 243 413 115
29 -79 346 -46 326 -92 -67 389 392 -161
147 -93 -123 -11 295 -247 149 267 -121 239
-249 -142 -270 379 54 -8 151 65 404 265
257 240 -160 7 -317 -49 345 112 326 252
-155 277 -68 244 19 -147 413 405 23 63
187 -279 393 85 228 207 -166 -35 233 -39
1 394 -250 -173 -184 -26 -108 339 341 -264
-95 233 -299 -264 -64 168 387 72 -79 137
338 121 376 87 355 -211 -309 113 52 69
-62 -246 -294 -191 -53 -54 -105 339 346 168
-137 82 -203 -298 -29 -292 68 11 234 -181
327 97 -43 -197 218 -105 119 -127 338 67
125 -199 152 -157 392 344 328 65 242 -143
-122 -228 60 -171 95 98 108 347 -93 374
230 286 44 19 309 -108 -164 54 -289 127
34 -242 227 -128 -206 -304 12 309 5 -38
-95 -297 -244 93 67 127 320 53 -6 359
350 -224 -281 379 -252 291 207 -46 80 321
298 -27 176 246 100 -275 -14 163 86 -272
-277 141 -87 -264 125 74 -199 57 -48 -312
250 -181 -147 -270 140 289 231 13 162 281
-262 -86 -309 -129 243 160 345 249 334 49
172 367 131 -301 221 132 -66 306 -280 290
7 366 350 1 281 -220 293 156 -242 299
-73 396 115 64 320 178 23 -232 -98 65
-158 27 -98 182 -100 195 -146 -193 365 335
-132 -163 90 403 -137 238 388 128 231 -270
-190 296 -92 -112 -101 213 -234 -310 -157 -211
30 -25 405 -195 323 19 261 198 6 -129
252 10 83 -210 -74 166 -207 -32 13 -310
118 328 392 201 206 -60 327 -116 -62 214
161 199 264 350 288 -44 200 111 37 7
-299 -87 109 -52 98 328 -288 -92 5 -27
-103 154 -238 -124 240 -309 55 344 -276 172
-195 -160 -3 -141 -298 -282 -264 254 149 -10
20 -78 -180 234 199 306 273 166 -311 54
51 -80 -249 58 176 135 279 217 336 -157
371 98 323 -90 293 152 -141 -138 262 317
-168 -101 242 268 166 331 -24 -214 192 -263
-186 302 -255 283 -135 241 -35 -131 294 -96
-243 -252 -249 59 -141 -150 389 41 -125 227
-161 210 134 202 -155 -74 -31 -59 -51 52
3 139 156 -82 330 -76 -309 -39 -138 -281
296 -313 334 -139 398 -121 337 164 16 59
-94 110 -152 -129 -70 -250 -306 421 -259 328
167 -27 3 409 198 308 178 250 179 -208
93 126 -212 106 -98 55 -313 401 377 -26
-279 -21 202 18 -268 295 65 196 95 -129
352 35 -191 289 241 -12 406 -78 222 411
83 389 158 -43 -225 181 192 373 113 315
-184 270 238 297 361 317 224 394 17 -181
84 293 -147 -160 -169 237 407 377 280 -244
8 226 292 54 107 161 -289 -121 414 -208
-147 -276 19 383 8 -33 -152 250 125 -220
40 314 340 -173 336 -232 -49 -46 47 33
-51 125 88 277 368 -257 280 -114 120 46
43 -142 223 -144 32 374 -302 -177 247 169
179 -134 307 296 142 -270 225 -287 356 -244
407 -257 129 324 184 -17 312 331 217 220
-34 93 -302 3 -276 72 330 -197 214 344
389 -200 -222 305 21 -167 94 -18 20 -177
-229 269 -127 87 -152 -153 -216 1 337 -192
-286 -44 327 -195 303 126 30 -14 388 -205
221 -298 14 167 -251 71 -258 -215 -136 69
393 -231 188 -46 295 -201 -149 -75 393 -301
-267 -3 182 -61 -1 279 -32 62 -149 -34
268 87 104 -98 -26 -227 70 -241 -54 -236
-91 165 -198 83 113 -311 140 270 65 143
330 111 -144 219 308 -74 257 299 -287 283
-96 414 419 -28 95 -200 -17 215 384 205
-138 -70 418 -313 148 -79 261 -105 -5 228
255 126 19 -112 -299 -193 17 -97 362 326
-3 -28 -78 355 373 249 177 159 236 -295
-235 236 391 -32 -292 161 -210 168 373 -43
-79 -152 130 -89 -169 -14 311 76 75 -89
-61 -253 -2 17 -109 58 28 -91 419 -114
305 40 196 79 261 133 -70 194 256 -58
-225 -251 90 -187 -221 236 -192 -310 -148 328
132 254 215 -33 -264 -163 338 -167 -2 122
298 -39 -112 155 397 -263 -127 415 -56 -211
176 225 -281 413 -115 -135 214 160 348 47
-171 -301 -68 117 417 -81 -210 92 284 23
-206 361 309 -121 132 277 223 -84 -104 337
-1 240 -186 -24 -147 -52 -265 -30 6 -81
-290 -291 49 251 319 315 -150 -246 177 -266
-105 67 396 -290 292 -316 -145 -85 344 95
220 103 -315 31 -209 162 215 -316 394 -121
360 156 -300 -303 -247 -293 -113 -272 248 199
307 335 26 198 -247 43 -63 -133 382 141
330 192 248 -87 140 344 38 180 141 222
126 -27 -312 340 -177 -280 326 -299 258 -38
410 -41 -75 -225 -8 -230 -193 367 166 148
-51 -295 403 -274 106 -125 -201 -218 353 294
-144 -47 -213 -290 359 22 -245 50 43 302
301 -250 7 369 317 -296 59 -300 280 258
252 -317 -5 284 358 173 365 -24 406 -88
256 63 312 -219 281 189 -3 411 125 -42
363 -42 61 69 145 -80 68 -227 253 -309
386 -185 47 403 -167 -140 -113 -170 325 388
239 158 219 233 -264 383 275 42 -27 -38
335 -98 156 409 121 23 -212 393 28 10
-96 -140 127 -90 145 -42 -243 119 152 -115
-179 237 178 -223 367 -196 -60 -61 386 10
-206 -311 233 337 151 8 -125 129 224 294
420 -147 125 -117 398 -180 -62 318 388 400
202 -119 -128 37 72 327 150 363 303 -313
146 420 -156 -239 202 -283 214 -202 305 29
-234 -183 397 239 415 72 114 398 -303 -115
-42 220 327 127 415 421 375 -195 414 111
193 352 -23 -174 210 359 -278 -214 291 -169
-188 -262 244 -308 -16 146 12 -92 -128 227
-266 -178 164 194 362 246 -114 -117 -202 339
-97 -206 159 -158 144 136 416 -88 95 -64
124 -241 144 238 67 -62 266 -278 -155 -297
142 -243 -220 210 -273 347 406 -120 57 10
416 253 -49 -96 -29 353 -266 12 -217 -268
281 14 387 80 158 354 -148 -181 -73 -204
359 210 -110 191 23 172 -270 107 138 330
162 -69 -89 242 -126 -8 -106 277 95 -189
26 -306 -151 -35 -6 357 252 -314 408 19
-17 -256 322 -101 -223 -220 106 -199 285 -20
-149 239 -72 126 -145 285 80 164 -21 -133
-1 421 -110 67 18 -243 -53 65 97 224
-163 47 211 234 -226 420 -295 2 127 27
6 283 -145 8 -202 70 33 74 -233 243
82 162 147 -150 131 -222 261 190 169 -256
-44 276 21 321 -302 403 305 361 -126 405
-138 33 256 153 -270 136 419 -196 -229 -75
347 -265 409 332 -317 232 288 93 365 61
-116 376 -302 391 -156 258 -200 -223 308 218
16 -86 185 -80 -149 98 19 -20 186 -257
168 229 129 188 346 -61 -32 210 68 338
-212 24 274 -20 186 -190 -130 281 -71 13
115 -132 288 -267 387 -97 -31 111 -63 314
350 182 -196 132 -153 141 292 223 -38 -222
-12 360 83 40 -148 -237 283 106 -243 -244
238 -130 -144 207 301 -291 267 130 -82 -29
-80 -156 342 381 399 -206 97 121 -143 -148
-315 146 209 18 33 154 -117 286 350 -315
-26 347 290 -246 189 -73 247 307 -304 -73
-110 285 -4 12 -17 -313 -14 -50 405 -206
414 405 162 -113 -287 70 67 274 -23 -201
-71 162 -64 -254 -258 -288 329 195 336 -56
359 377 -104 351 280 -74 353 174 35 -219
-224 160 162 346 -191 323 -136 401 -194 297
-287 -115 55 290 -63 -268 -252 40 -286 -134
-21 166 -202 -23 -211 104 105 -95 240 -199
-241 -40 68 300 -156 254 312 -185 -34 14
160 -89 75 -211 -38 227 23 -131 44 -30
-36 250 -283 252 -8 261 82 86 263 171
203 -46 -121 257 89 416 -122 -169 417 -282
-104 -127 91 301 -228 -246 -139 -128 -260 -181
-75 -130 343 81 221 225 58 -56 -207 363
239 268 -13 -149 87 -114 -82 -222 -224 -273
289 -242 40 -95 -161 -56 -23 155 -210 -80
29 393 6 -45 -50 147 395 -258 4 273
292 -10 2 -54 138 366 409 2 -85 117
77 -82 354 -196 -174 -149 -188 263 298 206
-245 336 -62 -37 248 -238 145 -90 292 391
153 -174 -285 310 125 -149 161 -166 193 -295
67 90 113 -116 -165 -213 -271 278 87 -255
31 -288 88 204 164 -45 417 293 -288 172
301 229 -30 250 82 -261 -97 135 192 255
28 364 312 -108 174 279 377 241 102 326
-158 340 283 314 349 102 -75 19 -211 -299
124 -44 168 -239 220 348 151 -314 -21 -145
130 -158 164 173 391 120 185 -87 -133 343
-91 19 360 107 -36 -8 243 -200 277 284
304 -263 245 -26 245 105 -73 7 -173 -276
-43 -200 -48 -257 145 81 -205 -145 -286 -120
-117 -252 -207 -8 298 -227 351 -206 -20 11
-120 326 -144 -294 -278 -295 322 -111 251 364
140 -119 169 22 -128 323 252 162 119 -252
-171 146 -221 -307 -138 201 -74 -191 -157 -50
284 283 329 203 98 -10 276 331 10 -79
34 -99 -70 -153 -69 -137 419 381 189 368
-144 -287 -255 -253 -23 -207 -251 -46 11 65
216 -142 243 326 329 -36 364 -48 -23 288
372 349 2 411 215 -89 -188 15 -170 -47
219 409 156 139 -139 -131 -32 89 304 389
-32 379 292 199 -255 381 91 240 394 105
165 84 -211 -175 195 -22 372 9 158 220
-256 137 292 -219 218 407 -43 -173 -157 327
215 -47 -209 110 367 298 53 113 56 28
229 12 290 -213 -88 25 -78 -156 -229 -167
-200 290 84 256 -164 -3 -72 -146 -248 284
-276 -6 -142 393 -311 -298 244 179 231 27
-32 -301 142 -36 113 -284 -279 -243 414 339
-134 39 -55 118 -293 -277 -208 -228 129 355
135 12 90 296 -234 -134 -66 193 246 -305
407 216 -153 29 326 -200 291 -166 125 228
286 135 -303 -178 -226 393 -204 272 266 397
369 18 168 317 310 -300 204 -17 295 -109
408 166 -153 381 107 339 -304 39 -309 341
-285 362 -292 204 380 -250 -297 -16 -231 379
-308 364 -238 -316 -63 -56 69 383 14 -203
150 32 381 -45 121 155 -58 -206 86 -299
420 -165 226 370 -214 168 -14 119 -87 226
163 336 -314 270 -253 -249 120 -122 179 -273
87 142 70 -307 299 337 -9 -57 182 -79
-249 364 421 384 -260 -295 -253 106 -157 -215
373 175 209 277 73 408 265 415 -130 90
-102 252 146 -107 343 -135 202 350 152 219
-130 -76 234 -226 212 -209 21 -32 -210 276
341 -256 17 81 125 333 166 -14 -281 232
-132 120 -120 212 -157 -160 43 368 262 -182
-177 -31 -55 253 48 -162 410 197 -308 63
-300 311 156 162 341 321 269 137 -176 75
141 -111 -272 -47 308 -229 -267 -109 -247 -88
-32 230 -37 187 119 -292 421 -36 278 336
-52 -13 -102 16 -122 -127 233 -86 -122 194
413 334 -250 220 -153 -160 60 220 -278 102
331 316 85 -197 262 59 147 -119 283 260
225 -107 -208 164 -1 64 54 328 -238 -235
272 -209 -26 -233 404 -87 -121 299 53 -195
170 388 -101 397 -287 -15 -249 368 30 -90
-64 -209 229 259 10 81 -74 300 162 -214
-125 71 -293 -79 -130 220 64 -66 -47 179
-210 304 411 -171 254 126 124 172 292 97
371 -280 -210 350 244 -153 70 -316 135 -53
193 -218 398 289 83 -189 178 -313 157 225
-156 321 -125 359 -124 300 -258 -233 -72 392
16 -280 308 -193 378 86 421 -153 -200 185
166 49 10 -75 227 251 154 161 -151 117
234 -161 47 263 87 209 418 68 34 48
-233 -310 -309 64 295 292 -312 262 204 362
349 196 82 135 -27 172 185 -194 303 80
-112 -253 16 -181 -213 -44 50 320 -78 -123
396 129 -286 356 216 308 101 -280 175 -235
-65 116 151 68 -97 369 317 -317 168 -192
-91 239 -238 -82 -138 303 -235 279 79 -132
-289 -297 416 99 148 -289 221 303 298 330
-201 -259 -137 22 -78 109 -314 -161 -165 47
213 -241 -107 315 -315 14 261 38 295 -157
217 276 39 -179 48 1 142 -148 68 74
-49 141 326 -160 -273 138 -298 296 243 352
-190 189 -184 75 -303 -143 -283 391 151 -162
-123 -241 270 200 -49 271 412 40 70 -297
-99 125 263 349 402 -59 308 -129 66 345
341 -283 68 -95 -202 -309 -247 239 276 -91
124 319 -146 250 -87 44 -23 -232 9 103
359 295 234 -149 174 -22 -64 10 129 387
408 395 219 20 -232 -142 -188 -231 268 19
-115 351 214 41 340 1 194 84 -131 50
266 -78 22 15 -256 2 63 77 92 420
-257 -187 249 -227 284 404 79 12 294 145
-182 65 -25 305 -70 250 -207 326 -184 56
336 -138 299 208 79 100 339 258 -142 -26
-295 -239 -282 38 187 89 322 -246 58 87
-205 380 -286 85 169 340 -36 406 169 338
-111 101 369 -160 104 393 29 -102 -164 213
222 340 316 63 91 280 169 -98 334 113
-44 366 -279 167 381 -304 -228 38 -39 186
256 209 42 190 145 239 89 -271 263 113
-95 -283 -124 16 29 102 292 -304 420 -156
-185 -252 -25 107 -134 -82 -271 -107 -177 263
-171 53 29 142 363 194 132 384 -89 358
-125 329 127 118 -225 315 -241 -91 -62 196
143 213 412 146 306 -285 191 -116 -52 88
316 74 89 -248 310 60 383 397 -118 -261
289 18 147 -227 93 236 26 382 -58 -41
-243 108 -271 28 -81 80 -157 -186 265 375
101 3 320 -127 -12 -42 82 391 253 132
187 246 219 186 -164 303 65 239 -210 -144
140 -245 86 346 203 56 -277 -283 282 345
-92 88 -73 148 -295 -246 141 417 20 45
295 -127 395 240 97 -49 161 222 -110 -249
-273 -86 -294 46 -140 -23 294 -251 -55 9
65 -19 89 -197 -226 225 274 245 -76 -34
338 -47 170 357 212 -20 -317 183 16 -192
166 -210 257 -255 -194 -262 -16 -196 242 -295
186 -119 183 -183 284 118 -293 392 290 109
253 -104 95 -30 -201 -297 -9 -21 157 -217
-166 137 111 357 149 -274 355 -173 -256 416
-111 333 -292 -274 205 14 198 300 -77 -121
233 121 -140 418 340 43 171 -21 92 -16
-222 -127 -29 -270 255 124 306 329 156 404
-314 -264 379 307 -302 71 -305 390 260 -151
-296 -134 -213 24 106 364 295 -304 4 216
-209 134 312 -229 9 -196 -5 -21 177 -222
-226 -29 -258 322 204 157 -287 245 -128 75
363 -217 -283 -102 -67 223 -40 411 -167 44
263 209 275 175 -109 291 -156 263 -231 173
343 -40 344 137 -30 148 50 279 234 95
154 214 327 292 231 -139 83 311 -99 -128
120 224 161 310 237 -115 90 405 418 -236
269 -70 -60 -206 -231 -232 292 -257 45 220
420 261 410 40 174 64 131 -54 -301 -127
-299 291 -312 -190 -33 -157 349 232 -55 50
-288 108 -123 107 67 360 23 -16 101 -29
103 -102 47 154 258 -116 180 3 280 232
-77 278 -202 -231 -16 11 175 335 175 -40
171 308 -243 176 -284 -192 -50 369 -10 -96
239 115 -157 192 45 186 -261 411 -109 -238
17 280 256 102 408 242 117 150 83 243
-122 38 -212 -245 -70 -78 419 122 -10 127
197 -32 73 74 -39 -153 -67 187 179 159
241 406 -229 134 383 -244 317 -21 198 269
274 173 -158 75 -197 233 -138 -61 -247 -294
-286 -186 -206 -90 -203 -11 216 248 334 -209
372 78 -137 -150 160 352 139 -19 80 380
-200 341 128 -188 65 51 346 -9 230 -244
-227 -206 -46 -39 -97 336 -296 53 57 -313
346 -201 -60 -250 349 97 330 262 -30 238
304 316 -310 -52 226 386 -211 -210 399 -281
111 335 -273 -117 50 7 295 -185 54 282
182 12 -104 57 343 269 -160 113 274 285
-171 242 -98 366 145 -122 266 107 172 63
-117 85 123 253 -217 327 -202 -129 -271 211
374 197 237 -268 382 -286 -84 395 176 305
205 -240 -235 -101 66 -100 334 -255 12 247
156 -74 -95 -277 343 -112 111 -186 263 407
-90 338 257 -306 -147 227 280 414 -116 40
-256 374 -112 -213 52 212 -301 -270 -166 26
308 -105 -157 -155 -57 -179 -79 -215 138 -270
-119 -7 163 388 419 -241 -273 71 -91 146
-130 -233 208 144 263 -169 376 184 -206 23
-39 -186 387 374 -92 -270 348 338 62 12
114 413 76 -210 -235 -259 21 41 43 20
184 -260 295 401 338 295 -161 -139 76 101
-21 -111 297 -228 241 272 301 64 356 -220
181 100 398 -180 -115 -191 380 -104 225 39
322 209 198 29 -9 309 -43 353 220 -215
-316 310 -43 -53 154 -193 -286 -71 34 243
-42 31 72 -268 -190 193 149 -215 40 338
415 68 270 273 241 -109 -231 -60 -20 71
90 -77 -219 -162 366 76 28 -76 266 -9
-95 16 -39 -75 -75 198 -272 -234 325 -134
177 -174 66 -240 -10 344 86 -293 353 39
386 -205 -265 415 190 208 -108 248 372 -119
-212 206 281 145 156 9 -101 -137 -203 -146
66 407 376 261 165 407 116 -29 -184 -249
-69 -290 -161 -209 296 -65 191 144 306 75
284 -281 17 146 -87 -81 -256 26 60 412
74 325 -126 -248 96 288 73 314 50 187
-75 11 -312 85 278 -266 -182 287 297 -235
319 118 417 248 311 45 346 -299 141 48
47 -290 77 325 -211 -141 -248 137 -85 -67
414 -37 153 173 -139 16 -287 -185 30 378
-149 -105 130 331 282 100 351 215 337 -240
317 -48 370 -249 -117 374 -317 40 67 145
28 17 -190 -45 229 -159 175 -71 57 189
-16 -249 150 181 49 -277 203 -225 179 297
-118 297 4 -278 57 356 279 219 -248 -147
253 376 300 -296 345 -279 387 -97 228 80
13 55 31 -45 -47 -285 419 -233 242 -48
-33 389 261 -169 331 -141 409 -215 368 23
-225 51 27 -120 -71 270 -67 193 173 -94
-120 -309 184 82 36 19 348 88 -239 -135
-20 285 278 149 -306 199 237 -262 -297 68
343 158 167 254 94 -260 275 -317 362 317
160 -127 137 368 -31 -92 134 402 95 -133
369 -65 35 -127 -314 116 185 -231 323 -269
308 322 -196 128 139 350 50 158 -116 268
84 356 316 127 259 276 -314 -218 -49 -73
-9 -145 200 -288 -30 275 -149 -176 322 15
106 -84 -265 189 365 -209 78 122 -22 -301
73 178 406 115 323 189 183 33 163 222
-54 -62 -289 151 80 -84 -316 418 129 406
98 31 90 -64 349 398 -128 -162 -82 165
215 227 -48 288 70 213 -225 28 215 204
-195 43 359 156 -70 -157 -145 14 273 -258
-228 -229 100 416 330 255 59 -239 27 -81
334 -84 -216 -251 269 -150 41 -56 -205 167
252 -22 -107 277 188 208 -82 208 147 -264
74 -193 -222 171 -195 344 -308 -184 390 275
309 230 -153 407 -52 351 192 367 -189 -261
311 261 17 -215 66 -16 311 10 -281 270
-84 -187 99 -286 -266 230 -15 178 177 279
291 -273 349 -38 19 -313 41 291 219 411
-15 419 10 -316 101 -151 306 -303 157 233
53 -274 14 135 -49 236 62 186 59 -90
167 354 144 -191 -301 -30 -312 52 74 -166
-286 175 111 419 150 -274 -189 -77 -243 294
-98 101 43 378 256 391 421 -136 192 -111
-102 -170 92 308 149 273 -195 -19 388 296
410 317 -255 22 -232 -166 -112 -260 -159 229
-88 -295 211 351 -13 -9 27 188 47 420
55 -219 -36 382 48 177 -120 384 -40 300
-58 59 217 -257 249 -317 -161 375 10 208
-168 -216 18 -248 298 -182 250 -102 -215 310
-244 118 76 284 -206 254 -268 59 -212 276
86 300 27 -177 95 52 -97 355 -307 -77
-175 43 126 -32 1 91 -76 133 403 374
-221 45 218 282 107 234 -75 253 -55 -74
385 -1 -237 399 -209 1 -9 393 387 12
338 -280 -257 -205 367 -128 -243 315 -142 4
394 -169 -75 -25 -315 -100 -143 -124 254 256
-22 -251 206 -239 17 107 -27 -8 -93 121
-116 320 -214 94 183 203 79 -201 170 -119
27 -173 349 -256 237 29 212 135 -123 11
295 -295 109 400 -146 -252 -163 -234 208 328
-243 -292 410 54 179 162 338 378 -208 183
-290 298 -145 -114 -294 275 194 -299 22 301
-166 60 -263 407 -231 -221 -260 -308 152 50
-240 -109 46 -266 117 174 -269 -46 -311 -36
134 132 -45 -77 379 -266 127 -209 270 50
352 185 87 91 -187 4 349 336 -89 -54
-285 72 66 111 47 -23 84 44 -233 40
271 10 244 283 -24 208 21 359 -138 -11
410 381 150 56 338 194 187 -167 191 -253
-12 365 240 327 354 -76 67 -163 354 51
250 215 10 210 158 288 58 242 -297 -188
-118 359 247 -244 -199 -225 85 70 306 -88
363 24 304 48 -84 -33 171 -191 130 -199
-127 56 359 168 7 147 -176 412 69 166
-33 -37 -29 -25 318 94 198 108 401 346
220 125 109 161 -119 141 349 -115 404 -53
326 419 -310 421 -102 -65 368 283 -251 52
195 169 -122 411 167 242 -192 210 413 333
7 -20 361 -135 316 129 247 223 -6 -285
22 -2 383 45 42 -207 350 208 13 221
-172 291 193 319 -205 -307 378 145 365 -220
162 311 -151 -315 384 269 -200 65 -18 357
-308 -292 313 216 -141 1 -235 57 167 9
34 200 320 254 63 242 160 306 12 267
412 163 -50 -194 201 -168 97 180 -213 -211
114 -292 376 -48 223 352 -278 316 306 373
-4 253 -236 -264 -64 266 -177 -119 257 -91
235 -231 336 -49 276 -298 75 56 411 -210
59 -257 157 80 -152 -31 208 126 7 -209
-283 -64 -284 119 76 346 -81 290 -251 -210
271 194 -210 279 416 129 -54 391 -203 -226
412 -49 -124 357 -226 188 348 -295 208 19
-163 408 73 385 343 276 235 -25 -193 372
-74 257 -3 -308 -161 326 -256 69 392 148
-255 -174 240 -182 -247 -32 30 -132 -68 -95
-265 97 370 309 203 301 67 280 -101 121
7 -59 -174 55 -247 -293 271 199 274 239
-89 285 137 -22 -88 -139 -39 -16 -174 244
194 353 -28 387 -239 361 199 282 272 -50
-273 83 418 228 306 -299 342 15 199 -69
332 -82 -187 -313 246 71 322 307 -205 361
-260 356 -277 96 116 326 -249 111 151 -37
148 42 -302 368 -233 -76 156 117 62 128
118 112 330 347 -191 -6 130 256 101 -190
218 -168 169 197 156 -40 -274 -49 17 216
75 409 303 345 -150 -103 7 -198 417 149
417 -176 180 -270 -59 -195 307 235 -14 268
267 -6 -22 187 276 336 -149 -30 58 -224
-295 195 -67 252 203 -131 -23 -26 389 -245
392 -232 155 104 -173 125 190 39 -20 95
-57 -92 113 -317 -60 352 318 299 331 -288
-312 216 287 268 8 216 60 -119 -156 -202
230 232 -174 97 -216 360 375 198 -27 -255
-257 175 362 98 386 -222 357 335 -95 -115
-174 -303 27 -127 -188 -230 240 124 -163 415
237 -124 419 -281 -6 -156 248 399 -38 3
-255 103 -83 -56 -194 67 -278 -153 359 285
190 301 421 -146 213 -30 -290 86 -272 392
5 234 59 -304 -237 84 -245 106 133 -221
253 192 356 11 -200 285 160 395 -35 -54
391 274 -228 -220 -150 212 87 -294 311 -213
184 208 260 176 315 -7 403 51 181 225
-215 -60 166 89 207 -9 246 -4 6 371
-86 232 370 -60 268 388 187 -2 -3 -189
233 -45 -163 375 347 350 100 -189 370 116
-222 147 357 -276 280 -270 242 -86 -244 407
-263 -152 -50 32 -240 -182 -110 390 131 -113
177 340 -26 -278 234 409 31 -280 -261 -68
330 329 306 78 188 -81 305 244 312 201
60 -51 -212 219 210 -281 -99 235 230 361
58 -258 399 106 275 308 194 310 154 212
-158 -274 135 8 -254 231 333 237 -241 -195
-10 -102 232 -261 -90 263 -110 -317 -96 -283
-254 -99 24 218 350 31 -208 -201 -42 9
-279 -119 73 -240 308 192 -92 -68 211 -106
149 -259 -240 -197 221 -194 -98 -294 164 243
83 125 26 380 -315 -282 -219 -218 400 42
-95 266 319 129 -79 156 323 294 260 99
-292 196 -190 282 149 -279 325 -304 -254 98
228 415 -298 367 224 377 -269 -205 -221 -175
328 346 -175 165 103 -141 299 288 190 219
-132 -131 -35 -250 -118 271 224 180 225 264
-36 -302 -31 -22 343 345 -158 352 126 68
-1 -22 -159 -34 59 199 227 120 28 -167
29 180 288 -95 -100 343 406 271 -149 -275
-170 165 334 158 385 177 259 104 -38 -52
37 -80 -236 296 -59 289 171 219 -135 206
291 408 362 -212 379 -313 -249 4 -118 293
-58 401 -144 253 350 416 256 59 344 11
53 -264 -305 119 418 -210 -264 -222 -184 -168
-181 168 -200 72 299 306 363 -150 55 124
-16 -102 195 9 206 253 360 -72 -63 -25
-66 75 -93 16 -235 198 38 209 164 -205
-290 257 379 70 -61 277 411 374 116 -12
40 -7 -90 -46 -90 -36 -187 -22 234 -302
-74 193 90 238 28 14 91 -210 241 46
278 183 215 -40 421 329 21 -261 -81 -154
-18 -187 128 -88 229 58 61 405 208 205
141 -145 187 266 276 412 -26 284 -108 -186
34 378 321 -111 336 -20 412 -176 25 16
100 400 -196 -154 324 -116 -316 2 86 -46
315 166 136 -303 251 -162 97 -308 261 -160
22 -251 270 -49 -64 246 161 125 172 340
-62 272 200 -243 -193 181 -250 -19 137 261
-139 404 -275 -195 40 295 24 197 -48 59
165 99 -277 190 -48 -169 403 95 -237 60
-162 -17 339 -127 -60 383 -22 -181 256 -292
25 384 -5 -117 -261 -304 -148 -220 -255 -6
246 319 -294 317 -94 180 -281 169 370 182
28 -11 218 -72 287 329 236 188 231 368
58 -241 409 -79 225 -150 -230 190 180 -255
418 -47 161 394 88 253 -33 141 40 159
139 300 411 -294 421 310 382 -233 -191 73
-263 241 -21 -253 32 -242 -199 217 -52 189
-289 234 83 115 98 -83 162 -103 -272 308
-198 9 -202 -171 -104 296 377 -128 -121 -113
52 -55 -82 -208 -3 35 112 -66 -274 344
33 -60 373 -250 -57 -287 41 -104 96 -277
-247 306 -277 -305 356 107 -188 220 -220 118
417 -22 7 -254 -162 190 -217 -278 86 -257
277 -266 -259 -165 -163 -221 205 48 52 419
391 -297 8 304 67 36 -177 -129 76 -103
416 -130 -313 265 -303 -107 -230 91 -279 396
392 -10 -167 -140 60 -152 -249 16 -118 420
-252 -101 392 172 276 186 -38 129 -307 350
89 -89 210 242 96 54 261 -206 263 384
-269 58 214 292 -36 124 47 -13 370 -179
100 -18 -185 -88 -148 410 389 -263 373 -52
82 285 -21 -19 -2 383 371 12 234 -236
-67 150 -316 -21 106 -102 333 297 223 -147
66 -207 270 290 -147 355 124 -168 -83 -206
366 307 -243 276 -194 -289 -32 212 -112 -239
107 -95 -106 -270 -241 -210 -162 227 153 -33
55 103 140 -240 -206 255 402 -108 319 341
-103 158 418 -159 -205 164 -300 50 -33 318
-60 183 287 387 261 166 -5 -231 313 -251
-109 -2 29 108 -103 -251 196 -94 -179 -156
-303 -59 264 381 182 184 -135 385 28 -283
122 -226 -17 179 -257 36 -282 -169 -253 340
116 12 35 59 318 99 233 117 -211 8
24 410 363 -49 318 -160 -23 -115 -225 361
-154 225 -307 330 -151 -308 -136 310 330 367
-62 -203 282 200 -300 -191 -118 -158 120 -168
-62 -37 -246 415 116 -154 -138 -143 -47 -145
-175 280 -157 90 -305 318 53 43 282 130
124 -180 -55 336 355 359 172 112 -308 -275
-17 218 292 -249 -268 -125 -182 -20 124 120
-243 136 386 -97 312 -257 174 181 125 114
237 274 189 419 303 -204 375 -269 -268 400
40 94 73 142 35 133 -254 29 -175 102
-293 133 286 -232 -267 -263 104 -286 -229 -259
118 55 -203 294 136 207 -147 -232 312 -115
-210 -205 227 305 121 -148 135 23 -32 298
-228 -223 216 133 275 410 264 -183 391 -166
391 193 -126 -309 152 26 -124 -222 310 393
-1 -254 276 249 409 75 -84 142 202 -245
208 -82 -92 -281 306 20 214 292 90 -219
105 326 -108 354 -109 147 -153 -261 375 -111
82 112 320 362 -298 -206 34 293 381 -109
-11 -233 129 210 375 393 -2 230 20 -221
-189 -304 -108 -91 -236 58 76 -154 263 166
-304 55 357 -59 -133 360 64 359 -49 -85
-155 177 174 257 -220 211 -201 147 231 -245
79 66 208 4 244 -108 -196 223 -200 -315
345 52 -234 235 337 -289 275 93 182 71
85 -116 193 -218 211 378 -30 -18 310 397
225 -135 184 137 -313 -124 -130 -157 56 382
199 179 -206 -245 335 -213 -287 178 -205 379
-308 52 128 -239 -303 -213 -237 -296 303 123
298 326 405 -95 -7 339 -82 -287 -9 316
-113 362 118 144 32 265 79 -155 137 311
215 -193 -106 38 242 -13 32 68 -204 20
306 330 305 405 193 -297 -250 36 -36 -43
300 320 315 -20 -308 -111 -146 123 -100 306
123 314 -271 -208 -153 222 -251 31 191 -72
289 -92 386 332 99 -291 -237 75 189 -310
351 -245 -278 293 -132 239 -138 246 -114 -251
131 8 -261 -251 373 -89 330 17 -121 49
316 -95 369 -139 360 -241 130 -152 121 236
380 254 300 10 312 402 -28 -208 138 407
-206 -163 -228 57 -279 254 4 162 -2 -226
304 -265 398 20 -122 -90 -126 379 131 51
390 86 -42 -48 335 180 -1 264 -167 -95
-77 212 363 -48 192 -141 116 -28 128 -105
-112 -222 41 -171 117 162 -8 -52 9 95
169 379 -267 120 64 392 -124 390 143 -173
-106 320 421 -47 196 193 -150 202 -186 -12
397 286 -169 306 307 204 419 49 119 229
340 321 -16 41 269 173 327 -195 31 -315
-15 397 -46 -307 270 -241 292 34 355 230
195 337 276 273 214 -121 205 359 -5 400
-14 147 -11 100 236 -153 172 -98 405 -223
351 213 377 -215 11 -274 -231 397 130 112
-246 83 237 370 -121 246 30 -110 -154 -119
-26 127 333 -85 202 -64 -143 -210 -215 -278
355 -191 -238 385 -241 292 -119 -57 -11 246
-229 -72 324 -196 124 -297 -316 108 -141 72
402 262 -306 -154 28 199 418 351 -212 84
-253 -163 250 399 -130 102 212 53 145 95
409 -177 289 -14 46 -127 -213 -56 255 228
182 -180 41 309 -158 321 177 223 -30 -43
-117 160 -154 -185 334 -271 -127 154 180 101
82 235 -53 -275 -108 -162 416 116 -295 201
350 174 -162 306 65 226 -257 260 146 -50
278 83 -144 -199 351 -87 -294 288 194 -127
113 151 11 -78 70 206 251 -169 404 -224
98 127 -2 -266 -310 173 157 142 92 48
418 140 -63 2 317 -4 34 116 -226 -105
321 -85 -238 338 45 -192 378 107 -157 301
-20 160 -187 238 -266 315 -271 -145 221 225
-274 -160 -166 -87 284 146 -225 -39 -304 261
219 -184 -34 312 -298 335 -252 -165 338 420
-142 370 -178 282 43 87 35 248 362 219
-32 334 44 359 -255 111 -110 294 176 -254
216 408 337 164 123 83 90 326 -187 230
410 264 -194 130 340 14 215 -20 -124 -224
400 241 -42 341 399 85 76 354 349 170
179 54 117 8 182 329 72 273 308 224
330 398 -2 108 -306 168 11 -281 12 37
120 92 287 -106 -268 198 376 173 299 -144
35 -151 -313 98 -169 214 398 251 113 38
231 105 64 396 -189 287 -31 59 -14 248
-19 -169 350 10 15 -15 126 19 384 -199
-129 368 -252 102 -73 -21 -207 -305 -292 -256
76 120 -262 -94 -257 -302 -316 -185 -292 -119
-55 -149 371 -270 -54 -115 256 143 193 -135
158 17 73 -140 -196 113 -91 145 -261 9
223 -306 -111 -168 345 253 401 -70 131 323
-170 141 285 90 261 271 77 78 111 -270
297 156 -146 -243 -162 215 -190 410 -308 378
-72 -7 281 -45 -47 26 -162 -17 -247 41
213 65 -138 159 98 -261 355 259 180 16
409 -145 -239 313 -1 240 53 89 25 -137
24 215 32 -79 171 -158 -202 112 -152 -65
206 144 180 6 -257 -260 11 -133 9 -175
-162 -242 -295 79 -189 -278 70 279 -268 136
-53 61 -268 -282 195 -90 139 -154 -309 420
260 191 -64 45 -56 177 129 110 -80 283
-193 -210 362 54 326 320 309 2 32 -211
-291 19 225 -48 30 -292 -156 -137 85 -294
-33 363 44 -261 50 -118 200 -75 235 29
-281 44 -223 -306 -50 61 223 234 -172 -173
65 267 173 -145 226 407 296 184 25 -275
345 -175 68 248 -116 -231 166 -112 71 341
214 -265 412 403 319 -113 405 -247 -119 -154
135 94 301 -77 -170 138 -278 -193 79 -75
-290 -219 -187 -97 329 349 234 -34 206 114
61 -126 159 -188 86 -290 57 252 -66 390
-122 103 -194 -120 273 -91 -300 -53 192 -179
-196 -13 -193 157 361 296 -121 -53 366 219
92 -217 165 -102 418 28 320 60 46 -121
-191 158 -213 175 -210 -43 -118 191 250 280
-44 -279 240 170 -291 -30 280 -93 -92 110
152 377 -228 -129 386 -260 -232 173 153 138
-252 -317 -281 102 81 190 -138 11 178 416
-295 -222 85 -98 -95 -241 -175 254 151 174
-108 23 308 228 343 -250 -307 -35 -26 23
237 293 180 315 392 -38 234 387 295 228
393 382 64 -292 323 -245 355 343 233 325
402 -56 -269 30 238 336 291 347 -196 202
-7 197 115 99 393 -275 -72 -57 370 218
-229 279 403 142 342 216 306 402 356 -68
131 230 359 71 274 125 153 -211 -212 362
-148 417 326 36 154 354 379 90 209 -29
315 -279 380 -173 379 251 -299 406 206 320
-228 138 160 264 -104 63 275 391 -258 -212
264 -189 -8 -249 -188 -104 -306 202 -35 345
-203 123 262 112 59 227 -57 -144 -98 49
-115 116 182 138 -147 -232 -66 335 264 282
120 379 -236 87 212 174 267 -160 -306 -239
202 -133 337 -7 -248 21 -80 18 96 290
-164 188 240 350 92 -102 30 -191 -71 -27
258 213 296 35 -227 -253 -103 307 417 -222
-236 163 -158 -155 343 -300 305 193 335 -214
-103 120 74 132 -25 291 -286 -27 82 -69
20 256 -193 171 414 -43 68 -239 -33 255
299 -248 285 222 -294 -289 326 171 135 41
373 -208 179 43 239 333 375 97 -290 -301
-210 380 -51 162 172 9 176 196 299 -150
-3 291 25 208 142 346 182 217 -252 50
-230 99 237 71 303 151 167 -172 215 -140
110 81 -239 379 -317 -242 345 251 412 137
326 -147 177 383 -51 320 398 -247 -235 75
213 58 80 -252 -180 217 -179 -180 -129 -36
-221 32 -22 344 140 -242 125 228 93 168
410 30 -32 328 205 360 256 -25 362 127
-25 145 7 317 -145 300 393 -156 105 -122
-113 -156 -212 317 341 -196 183 410 44 -217
-116 -310 43 -148 353 47 3 -64 -260 -197
403 -50 208 213 131 110 -176 -69 -150 278
346 -131 -267 -155 -181 62 117 287 382 11
-57 392 -68 356 133 189 214 97 27 -148
-13 -172 60 221 -198 10 241 149 34 279
57 219 14 17 -229 -42 -254 278 7 -251
-59 286 -269 -301 -102 -136 33 -259 -159 3
248 338 -16 -22 103 305 241 -174 130 19
-28 95 168 -112 7 21 -205 -50 -74 -24
277 -167 -15 210 -197 -160 248 -150 -186 -243
-139 340 -136 255 -170 -188 218 -287 252 -81
-75 -292 406 159 43 -59 78 47 345 73
233 291 -99 168 54 -12 243 152 260 302
-174 -234 -187 -258 47 -274 229 -12 -81 27
151 72 328 -78 354 -173 23 -246 -132 294
298 65 391 -60 -12 56 176 292 372 112
205 3 -51 -57 209 258 45 213 -2 -217
416 30 -151 291 -238 273 66 283 -224 26
393 387 -63 291 -67 62 -158 -38 148 -47
217 180 -155 357 -219 263 159 -273 -217 36
74 137 -289 -198 315 259 -12 -240 3 -35
273 120 26 -96 298 211 82 401 52 -270
48 -130 292 59 -123 -279 420 274 116 199
276 254 -232 -286 -12 368 -163 -215 -82 143
-177 319 207 -36 -193 -5 -283 -263 218 -85
-304 -284 64 -64 125 100 -317 284 -141 338
373 416 -45 232 -68 -287 -124 208 373 -172
398 66 237 150 -104 238 -224 -233 37 69
-15 264 -267 78 -67 -48 420 109 301 409
-112 -146 221 183 163 14 -179 220 190 29
-153 250 -6 343 229 337 -90 179 67 80
318 248 133 -14 76 106 69 144 107 -20
104 -163 82 -88 404 86 192 421 -68 -126
-18 127 78 -269 278 405 -205 -186 252 -253
116 -39 355 414 -14 -277 133 316 -11 160
399 267 382 -248 271 297 116 -195 -222 341
-108 -174 -287 -281 -118 321 161 147 2 -134
352 255 55 -173 68 -126 357 -224 -213 238
-148 -141 215 373 -209 -23 -41 -85 275 -175
102 6 -66 -314 271 -279 26 -262 411 -150
149 -36 -95 375 -124 236 -272 378 2 111
160 148 -250 -284 406 387 315 143 -210 -127
-304 -150 104 -39 -199 236 395 -165 -202 319
33 25 267 248 -129 374 392 -118 313 -3
272 78 367 3 279 128 403 353 394 -213
252 -44 111 -31 121 403 161 89 411 -174
-246 -108 -306 88 30 188 -133 -259 35 -123
279 139 95 -258 -87 133 259 -23 -72 -149
338 374 112 -59 -87 307 -7 237 244 283
216 -72 106 254 354 375 228 -280 -237 202
-201 260 -251 54 392 308 281 -88 -204 -153
-208 7 261 84 -75 -297 79 -93 -168 263
367 -68 109 29 -279 407 107 81 17 187
-59 -223 87 180 165 -152 -65 356 17 -159
33 420 -58 -136 153 38 -218 -211 62 224
321 -177 303 245 -296 -311 407 322 202 156
266 -142 287 -27 71 281 79 -252 -8 130
341 -240 398 150 -56 -60 -45 -142 380 -66
66 350 340 -12 275 99 -214 323 -140 281
177 191 236 24 57 199 81 323 -204 -96
64 324 107 121 301 1 204 176 -96 -115
345 -84 130 7 117 -222 28 -117 179 34
-25 -155 -288 -17 -187 22 32 93 236 -73
-75 171 29 417 181 179 96 331 98 389
-27 -13 336 218 -257 144 120 40 18 -32
373 76 40 233 -125 -294 346 54 369 61
211 -154 262 252 27 -301 168 -126 414 413
266 374 -91 -126 -265 -93 -178 58 -293 139
-166 -272 -6 263 131 -293 -204 -315 -107 297
-192 321 -112 118 5 390 120 -200 -72 -220
10 -179 -132 383 -86 3 272 230 -60 7
157 -267 -234 -284 -157 -188 381 -246 -108 -242
129 67 332 -144 161 -203 283 71 195 342
173 233 -133 253 -37 319 126 -229 229 -203
273 405 102 252 -60 100 -261 229 223 117
-312 346 147 -170 217 362 58 -60 -304 -66
-10 49 55 -167 -197 112 188 253 139 78
-220 96 -166 -24 303 3 417 -272 -211 -297
-11 -237 76 -274 -25 149 -108 -132 62 321
402 318 74 282 200 233 -89 80 -308 -40
-138 196 332 -98 -19 286 331 -25 82 67
374 347 241 70 141 288 2 10 60 262
-186 355 -176 36 153 278 389 -151 -244 192
206 418 -43 301 397 -14 -314 266 -40 207
-277 -81 333 -305 82 363 208 -264 54 256
149 183 62 374 -137 -208 194 -173 -188 261
-281 -178 263 43 116 19 -6 179 -309 -180
179 -69 107 332 348 390 4 -312 406 -202
141 -136 -145 335 43 68 241 4 411 -101
-12 199 356 -194 -49 148 202 -164 18 202
102 53 -133 -94 64 -218 95 -240 99 -115
126 351 215 112 -263 29 206 -266 -250 -28
412 -256 -22 -271 161 275 187 151 -6 303
43 -202 415 -151 259 65 -186 378 11 192
216 313 315 -52 119 -220 239 -298 -298 -131
159 149 233 405 23 -195 111 -305 359 -124
64 138 -117 -316 73 -11 -83 -315 348 358
404 137 -67 -175 266 -147 403 302 -54 -307
-243 -293 241 -310 -94 -232 -152 -139 223 152
240 261 -251 71 188 -125 161 132 -64 -274
88 353 160 -290 220 -183 -222 -303 70 -146
-232 139 -87 -34 331 -309 252 409 209 116
-276 411 94 300 404 -281 49 -241 -88 -312
132 -263 179 308 420 -95 337 -272 109 230
-259 -268 307 267 -95 -125 244 73 28 365
-166 39 -194 -266 328 251 325 215 -82 -290
150 -195 -149 -157 16 128 -238 -26 8 -40
-72 69 -209 223 323 253 -302 105 -96 7
-85 147 -200 263 -291 -289 206 -295 136 420
356 400 41 147 75 53 -164 380 -230 -153
173 -128 272 411 -22 288 60 337 91 -115
-181 207 375 11 -251 373 342 375 -184 410
-178 198 152 60 -64 52 414 401 -287 365
262 148 280 -70 269 -83 256 -187 117 207
348 8 -121 -100 -25 164 407 -73 25 -85
-153 -249 -279 -62 61 -253 24 -298 -238 -90
-296 312 272 281 35 170 49 389 -41 72
313 64 56 -43 -132 -57 249 85 86 -244
1 120 -117 -95 107 292 -302 -174 -38 331
130 389 304 195 -224 81 131 360 352 298
155 -290 133 -158 -31 -123 -162 376 212 85
-50 397 41 135 227 -233 351 358 -56 -277
-25 107 -101 421 384 294 -116 32 -290 -257
139 -13 -132 270 280 137 -249 -22 -48 49
-22 358 191 -104 356 -231 -10 -103 318 -99
259 -237 121 314 -130 -295 -175 56 319 -19
297 -114 421 -179 -133 -127 -282 -136 418 220
30 410 191 -194 34 -314 -296 390 117 115
236 -248 286 8 -222 412 -111 -108 27 264
84 -131 359 -42 50 71 -186 248 110 223
-178 334 211 183 -265 -111 -190 288 -123 90
92 86 -248 6 -135 231 83 189 310 148
-141 -298 -154 -144 -150 90 -2 357 332 -100
140 99 -132 217 -142 -310 367 40 -243 84
56 158 306 109 -216 -306 -63 -183 185 -230
-138 -252 208 -2 207 156 69 234 259 9
-302 17 -307 342 95 220 160 -270 -280 70
136 -201 -280 168 271 3 86 397 -46 -62
144 352 -212 -217 -296 -264 401 139 -143 125
-165 370 -138 -48 282 -263 190 -162 136 -266
144 -116 -169 195 -17 416 265 -303 120 -104
-217 -148 62 67 -196 -148 133 139 38 17
310 -64 34 60 -257 344 -213 -266 222 78
-172 159 17 -210 -40 -260 401 260 99 389
-188 -294 -196 -298 -150 -158 106 47 -54 294
369 -313 112 281 394 -120 219 281 -1 -5
186 86 -108 228 -4 -246 -230 -102 -206 206
-114 -77 -102 -305 -34 -101 400 -117 -172 350
177 -182 -295 -89 -47 255 -205 15 -265 -220
128 -37 50 -273 -265 59 -266 -53 -310 -192
64 -46 -47 404 306 -73 224 -51 -273 367
-278 -18 15 -23 5 -246 416 136 310 290
253 127 -266 85 44 2 65 392 -184 250
41 26 184 204 -284 283 324 249 200 -63
210 155 -188 -241 -46 62 240 146 249 -97
25 -175 -120 -255 215 108 -191 -107 136 347
394 -33 -5 95 -64 133 233 -165 23 -251
-141 -286 144 400 186 419 296 185 -34 168
323 323 -45 76 -167 97 343 -301 -302 190
-17 -44 250 365 -269 339 332 240 -52 344
177 -253 172 246 -75 -225 214 346 -270 79
275 -123 -19 222 125 395 64 218 161 204
-171 417 -212 233 128 284 -309 311 27 199
-144 363 -267 414 -34 -226 181 393 -38 292
403 62 363 -94 332 356 -112 57 13 -198
142 119 -137 -46 -211 -257 -63 -156 -59 -268
-227 339 110 -200 -133 75 278 143 329 14
-259 101 317 -43 391 224 52 -287 247 149
167 157 -263 36 83 -163 6 -215 -281 -262
236 264 344 -255 262 -257 206 -277 120 101
-263 -193 -56 -180 207 270 -36 128 -40 -285
-186 -263 94 246 -128 358 -141 -259 -236 382
-109 -274 -283 -45 310 -2 297 200 -13 126
-158 -213 -121 -161 114 131 -238 220 310 -234
356 -148 119 388 233 193 68 -264 331 268
-144 -295 11 -152 -289 283 217 45 -83 -162
11 -72 -146 114 -296 123 -194 -90 179 -268
-216 290 370 62 192 195 -108 -75 388 187
223 369 -100 -4 19 388 -38 -33 -227 -211
-294 -214 -14 337 69 187 380 322 195 125
-293 28 -50 378 280 107 355 25 246 -103
121 227 -311 52 -192 337 259 105 183 5
352 166 339 -180 323 -183 16 63 343 -178
-310 173 -52 410 1 281 351 210 183 257
332 32 336 -222 419 104 -279 393 44 -103
-232 -238 162 56 381 188 192 78 321 386
141 368 -237 269 41 419 -4 -218 -100 -128
-202 -68 46 -79 144 -186 182 51 359 312
-247 281 -261 221 -289 -279 168 411 414 172
-203 -54 -194 274 368 -125 266 390 131 -22
-241 -90 66 277 314 -6 276 160 65 371
-248 117 336 -274 -59 340 243 394 18 312
385 346 13 -239 207 325 -52 339 130 -239
26 -85 229 30 -245 127 299 40 119 -273
40 84 231 55 -249 368 -112 -95 380 145
416 -299 231 -263 -138 -246 -317 333 389 -72
344 -259 245 238 319 216 212 274 62 -121
263 249 160 -83 118 -263 -308 390 -247 162
-97 -61 -77 -124 -141 67 60 290 56 -293
-235 -128 -22 20 -34 -168 193 122 93 126
-182 405 103 -101 286 -102 409 124 80 261
82 196 58 -132 -171 286 -44 156 254 